{
 "cells": [
  {
   "cell_type": "markdown",
   "metadata": {
    "Collapsed": "false"
   },
   "source": [
    "# Import Modules"
   ]
  },
  {
   "cell_type": "code",
   "execution_count": null,
   "metadata": {
    "Collapsed": "false"
   },
   "outputs": [],
   "source": [
    "import os\n",
    "import sys                                 \n",
    "\n",
    "import pickle\n",
    "\n",
    "sys.path.insert(0, os.path.join(os.environ[\"PROJ_irox\"], \"data\"))                    \n",
    "from proj_data_irox import df_dij_path"
   ]
  },
  {
   "cell_type": "markdown",
   "metadata": {
    "Collapsed": "false"
   },
   "source": [
    "# Import Data"
   ]
  },
  {
   "cell_type": "code",
   "execution_count": 2,
   "metadata": {
    "Collapsed": "false"
   },
   "outputs": [],
   "source": [
    "with open(df_dij_path, \"rb\") as fle:\n",
    "    df_dij = pickle.load(fle)"
   ]
  },
  {
   "cell_type": "code",
   "execution_count": 3,
   "metadata": {},
   "outputs": [],
   "source": [
    "# /mnt/f/Dropbox/01_norskov/00_git_repos/PROJ_IrOx_Active_Learning_OER/workflow/ml_modelling/00_ml_workflow/191102_new_workflow/00_abx_al_runs/out_data/AB2/gp_ucb_True/TEST_AL_muvasubu.pickle"
   ]
  },
  {
   "cell_type": "code",
   "execution_count": 4,
   "metadata": {
    "Collapsed": "false"
   },
   "outputs": [],
   "source": [
    "# AL_data_path = \"/home/raulf2012/Dropbox/01_norskov/00_git_repos/PROJ_IrOx_Active_Learning_OER/workflow/ml_modelling/00_ml_workflow/191102_new_workflow/00_abx_al_runs/out_data\"\n",
    "AL_data_path = os.path.join(\n",
    "    os.environ[\"PROJ_irox\"],\n",
    "    \"workflow/ml_modelling/00_ml_workflow/191102_new_workflow/00_abx_al_runs/out_data\",\n",
    "    )"
   ]
  },
  {
   "cell_type": "code",
   "execution_count": 5,
   "metadata": {
    "Collapsed": "false"
   },
   "outputs": [],
   "source": [
    "# # #############################################################################\n",
    "# # AL_data_path += \"/AB3/gp_ucb_True\"\n",
    "# # AL_data_path += \"/AL_geheneva.pickle\"\n",
    "\n",
    "# # #####################################\n",
    "# AL_data_path += \"/AB2/gp_ucb_True\"\n",
    "# # #####################################\n",
    "# # AL_data_path += \"/AL_piritapo.pickle\"\n",
    "# # AL_data_path += \"/TEST_AL_wakuhifa.pickle\"\n",
    "# AL_data_path += \"/TEST_AL_muvasubu.pickle\""
   ]
  },
  {
   "cell_type": "code",
   "execution_count": 6,
   "metadata": {},
   "outputs": [],
   "source": [
    "# #####################################\n",
    "AL_data_path += \"/AB3/gp_ucb_True/01_attempt\"\n",
    "# #####################################\n",
    "AL_data_path += \"/AL_geheneva.pickle\"\n",
    "\n",
    "# AL_geheneva.pickle"
   ]
  },
  {
   "cell_type": "code",
   "execution_count": 7,
   "metadata": {
    "Collapsed": "false"
   },
   "outputs": [
    {
     "name": "stdout",
     "output_type": "stream",
     "text": [
      "new init2!\n"
     ]
    }
   ],
   "source": [
    "with open(AL_data_path, \"rb\") as fle:\n",
    "    AL_i = pickle.load(fle)"
   ]
  },
  {
   "cell_type": "raw",
   "metadata": {
    "Collapsed": "false"
   },
   "source": [
    "\n",
    "\n"
   ]
  },
  {
   "cell_type": "code",
   "execution_count": 8,
   "metadata": {
    "Collapsed": "false"
   },
   "outputs": [],
   "source": [
    "last_gen_key = list(AL_i.al_gen_dict.keys())[-1]\n",
    "AL_gen_f = AL_i.al_gen_dict[last_gen_key]\n",
    "\n",
    "model = AL_gen_f.model\n",
    "model_notdupl = model[model.duplicate == False]\n",
    "\n",
    "\n",
    "indices_not_duplicates = model_notdupl.index"
   ]
  },
  {
   "cell_type": "code",
   "execution_count": 27,
   "metadata": {
    "Collapsed": "false"
   },
   "outputs": [
    {
     "name": "stdout",
     "output_type": "stream",
     "text": [
      "mjctxrx3zf : ['82bucfb28a']\n",
      "94x5nkmjmf : ['nivdbkxfbl']\n",
      "vlxp9abd6h : ['xu6ivyvfvf']\n",
      "me8d9sx47e : ['62xp6e9yzs', 'mrn1ch8r6s']\n",
      "mkmsvkcyc5 : ['xozr8f7p7g']\n",
      "xozr8f7p7g : ['mkmsvkcyc5']\n",
      "7av2zgmqvp : ['62xp6e9yzs']\n",
      "62xp6e9yzs : ['me8d9sx47e', '7av2zgmqvp']\n",
      "xu6ivyvfvf : ['vlxp9abd6h']\n",
      "nivdbkxfbl : ['94x5nkmjmf']\n",
      "82bucfb28a : ['mjctxrx3zf']\n",
      "mrn1ch8r6s : ['me8d9sx47e']\n"
     ]
    }
   ],
   "source": [
    "# Subset of df_dij that contains entries of final AL generation that aren't duplicates\n",
    "df_dij_sub = df_dij.loc[indices_not_duplicates, indices_not_duplicates]\n",
    "# df_dij_sub[df_dij_sub < 0.01]\n",
    "\n",
    "\n",
    "for i_cnt, row_i in df_dij_sub.iterrows():\n",
    "    id_i = row_i.name\n",
    "\n",
    "    # duplicate_ids = row_i[row_i < 0.02].index.tolist()\n",
    "    duplicate_ids = row_i[row_i < 0.03].index.tolist()\n",
    "    if id_i in duplicate_ids:\n",
    "        duplicate_ids.remove(id_i)\n",
    "\n",
    "    if len(duplicate_ids) > 0:\n",
    "        print(id_i, \":\", duplicate_ids)"
   ]
  },
  {
   "cell_type": "code",
   "execution_count": 21,
   "metadata": {},
   "outputs": [
    {
     "data": {
      "text/plain": [
       "0.0840375779880429"
      ]
     },
     "execution_count": 21,
     "metadata": {},
     "output_type": "execute_result"
    }
   ],
   "source": [
    "df_dij.loc[\"8p8evt9pcg\", \"xw9y6rbkxr\"]"
   ]
  },
  {
   "cell_type": "code",
   "execution_count": 31,
   "metadata": {},
   "outputs": [
    {
     "data": {
      "text/html": [
       "<div>\n",
       "<style scoped>\n",
       "    .dataframe tbody tr th:only-of-type {\n",
       "        vertical-align: middle;\n",
       "    }\n",
       "\n",
       "    .dataframe tbody tr th {\n",
       "        vertical-align: top;\n",
       "    }\n",
       "\n",
       "    .dataframe thead th {\n",
       "        text-align: right;\n",
       "    }\n",
       "</style>\n",
       "<table border=\"1\" class=\"dataframe\">\n",
       "  <thead>\n",
       "    <tr style=\"text-align: right;\">\n",
       "      <th>index</th>\n",
       "      <th>8p8evt9pcg</th>\n",
       "      <th>zimixdvdxd</th>\n",
       "      <th>xw9y6rbkxr</th>\n",
       "      <th>b5cgvsb16w</th>\n",
       "      <th>mj7wbfb5nt</th>\n",
       "      <th>949rnem5z2</th>\n",
       "      <th>6pvt6r95ve</th>\n",
       "      <th>8l919k6s7p</th>\n",
       "      <th>7ic1vt7pz4</th>\n",
       "      <th>zwvqnhbk7f</th>\n",
       "      <th>8wxibl7lm4</th>\n",
       "      <th>ngn4xec1mo</th>\n",
       "      <th>xlziv2zr9g</th>\n",
       "      <th>mp6lno9jzr</th>\n",
       "      <th>zgxg9o7kny</th>\n",
       "    </tr>\n",
       "    <tr>\n",
       "      <th>index</th>\n",
       "      <th></th>\n",
       "      <th></th>\n",
       "      <th></th>\n",
       "      <th></th>\n",
       "      <th></th>\n",
       "      <th></th>\n",
       "      <th></th>\n",
       "      <th></th>\n",
       "      <th></th>\n",
       "      <th></th>\n",
       "      <th></th>\n",
       "      <th></th>\n",
       "      <th></th>\n",
       "      <th></th>\n",
       "      <th></th>\n",
       "    </tr>\n",
       "  </thead>\n",
       "  <tbody>\n",
       "    <tr>\n",
       "      <th>8p8evt9pcg</th>\n",
       "      <td>0.000000</td>\n",
       "      <td>0.204868</td>\n",
       "      <td>0.084038</td>\n",
       "      <td>0.278124</td>\n",
       "      <td>0.269010</td>\n",
       "      <td>0.107006</td>\n",
       "      <td>0.361942</td>\n",
       "      <td>0.473871</td>\n",
       "      <td>0.405541</td>\n",
       "      <td>0.323174</td>\n",
       "      <td>0.328062</td>\n",
       "      <td>0.224873</td>\n",
       "      <td>0.221145</td>\n",
       "      <td>0.323190</td>\n",
       "      <td>0.399435</td>\n",
       "    </tr>\n",
       "    <tr>\n",
       "      <th>zimixdvdxd</th>\n",
       "      <td>0.204868</td>\n",
       "      <td>0.000000</td>\n",
       "      <td>0.044774</td>\n",
       "      <td>0.349524</td>\n",
       "      <td>0.260295</td>\n",
       "      <td>0.289025</td>\n",
       "      <td>0.406031</td>\n",
       "      <td>0.420737</td>\n",
       "      <td>0.431099</td>\n",
       "      <td>0.293428</td>\n",
       "      <td>0.360930</td>\n",
       "      <td>0.273919</td>\n",
       "      <td>0.272387</td>\n",
       "      <td>0.305802</td>\n",
       "      <td>0.387080</td>\n",
       "    </tr>\n",
       "    <tr>\n",
       "      <th>xw9y6rbkxr</th>\n",
       "      <td>0.084038</td>\n",
       "      <td>0.044774</td>\n",
       "      <td>0.000000</td>\n",
       "      <td>0.300498</td>\n",
       "      <td>0.243622</td>\n",
       "      <td>0.206094</td>\n",
       "      <td>0.371062</td>\n",
       "      <td>0.442438</td>\n",
       "      <td>0.402190</td>\n",
       "      <td>0.279095</td>\n",
       "      <td>0.323614</td>\n",
       "      <td>0.229292</td>\n",
       "      <td>0.226868</td>\n",
       "      <td>0.290576</td>\n",
       "      <td>0.386350</td>\n",
       "    </tr>\n",
       "    <tr>\n",
       "      <th>b5cgvsb16w</th>\n",
       "      <td>0.278124</td>\n",
       "      <td>0.349524</td>\n",
       "      <td>0.300498</td>\n",
       "      <td>0.000000</td>\n",
       "      <td>0.171638</td>\n",
       "      <td>0.287503</td>\n",
       "      <td>0.302912</td>\n",
       "      <td>0.278061</td>\n",
       "      <td>0.291950</td>\n",
       "      <td>0.286435</td>\n",
       "      <td>0.236502</td>\n",
       "      <td>0.195434</td>\n",
       "      <td>0.185535</td>\n",
       "      <td>0.272978</td>\n",
       "      <td>0.326863</td>\n",
       "    </tr>\n",
       "    <tr>\n",
       "      <th>mj7wbfb5nt</th>\n",
       "      <td>0.269010</td>\n",
       "      <td>0.260295</td>\n",
       "      <td>0.243622</td>\n",
       "      <td>0.171638</td>\n",
       "      <td>0.000000</td>\n",
       "      <td>0.258882</td>\n",
       "      <td>0.175512</td>\n",
       "      <td>0.213976</td>\n",
       "      <td>0.186581</td>\n",
       "      <td>0.128236</td>\n",
       "      <td>0.167986</td>\n",
       "      <td>0.102005</td>\n",
       "      <td>0.102358</td>\n",
       "      <td>0.181424</td>\n",
       "      <td>0.243752</td>\n",
       "    </tr>\n",
       "    <tr>\n",
       "      <th>949rnem5z2</th>\n",
       "      <td>0.107006</td>\n",
       "      <td>0.289025</td>\n",
       "      <td>0.206094</td>\n",
       "      <td>0.287503</td>\n",
       "      <td>0.258882</td>\n",
       "      <td>0.000000</td>\n",
       "      <td>0.294219</td>\n",
       "      <td>0.417141</td>\n",
       "      <td>0.325285</td>\n",
       "      <td>0.303143</td>\n",
       "      <td>0.343076</td>\n",
       "      <td>0.227375</td>\n",
       "      <td>0.243773</td>\n",
       "      <td>0.360834</td>\n",
       "      <td>0.309291</td>\n",
       "    </tr>\n",
       "    <tr>\n",
       "      <th>6pvt6r95ve</th>\n",
       "      <td>0.361942</td>\n",
       "      <td>0.406031</td>\n",
       "      <td>0.371062</td>\n",
       "      <td>0.302912</td>\n",
       "      <td>0.175512</td>\n",
       "      <td>0.294219</td>\n",
       "      <td>0.000000</td>\n",
       "      <td>0.225713</td>\n",
       "      <td>0.113754</td>\n",
       "      <td>0.159656</td>\n",
       "      <td>0.211833</td>\n",
       "      <td>0.269055</td>\n",
       "      <td>0.229790</td>\n",
       "      <td>0.260998</td>\n",
       "      <td>0.212414</td>\n",
       "    </tr>\n",
       "    <tr>\n",
       "      <th>8l919k6s7p</th>\n",
       "      <td>0.473871</td>\n",
       "      <td>0.420737</td>\n",
       "      <td>0.442438</td>\n",
       "      <td>0.278061</td>\n",
       "      <td>0.213976</td>\n",
       "      <td>0.417141</td>\n",
       "      <td>0.225713</td>\n",
       "      <td>0.000000</td>\n",
       "      <td>0.205628</td>\n",
       "      <td>0.237969</td>\n",
       "      <td>0.291690</td>\n",
       "      <td>0.322148</td>\n",
       "      <td>0.282854</td>\n",
       "      <td>0.310423</td>\n",
       "      <td>0.351072</td>\n",
       "    </tr>\n",
       "    <tr>\n",
       "      <th>7ic1vt7pz4</th>\n",
       "      <td>0.405541</td>\n",
       "      <td>0.431099</td>\n",
       "      <td>0.402190</td>\n",
       "      <td>0.291950</td>\n",
       "      <td>0.186581</td>\n",
       "      <td>0.325285</td>\n",
       "      <td>0.113754</td>\n",
       "      <td>0.205628</td>\n",
       "      <td>0.000000</td>\n",
       "      <td>0.165541</td>\n",
       "      <td>0.222608</td>\n",
       "      <td>0.266996</td>\n",
       "      <td>0.235734</td>\n",
       "      <td>0.271786</td>\n",
       "      <td>0.215927</td>\n",
       "    </tr>\n",
       "    <tr>\n",
       "      <th>zwvqnhbk7f</th>\n",
       "      <td>0.323174</td>\n",
       "      <td>0.293428</td>\n",
       "      <td>0.279095</td>\n",
       "      <td>0.286435</td>\n",
       "      <td>0.128236</td>\n",
       "      <td>0.303143</td>\n",
       "      <td>0.159656</td>\n",
       "      <td>0.237969</td>\n",
       "      <td>0.165541</td>\n",
       "      <td>0.000000</td>\n",
       "      <td>0.121645</td>\n",
       "      <td>0.163170</td>\n",
       "      <td>0.160818</td>\n",
       "      <td>0.202400</td>\n",
       "      <td>0.231034</td>\n",
       "    </tr>\n",
       "    <tr>\n",
       "      <th>8wxibl7lm4</th>\n",
       "      <td>0.328062</td>\n",
       "      <td>0.360930</td>\n",
       "      <td>0.323614</td>\n",
       "      <td>0.236502</td>\n",
       "      <td>0.167986</td>\n",
       "      <td>0.343076</td>\n",
       "      <td>0.211833</td>\n",
       "      <td>0.291690</td>\n",
       "      <td>0.222608</td>\n",
       "      <td>0.121645</td>\n",
       "      <td>0.000000</td>\n",
       "      <td>0.167837</td>\n",
       "      <td>0.133085</td>\n",
       "      <td>0.206181</td>\n",
       "      <td>0.225138</td>\n",
       "    </tr>\n",
       "    <tr>\n",
       "      <th>ngn4xec1mo</th>\n",
       "      <td>0.224873</td>\n",
       "      <td>0.273919</td>\n",
       "      <td>0.229292</td>\n",
       "      <td>0.195434</td>\n",
       "      <td>0.102005</td>\n",
       "      <td>0.227375</td>\n",
       "      <td>0.269055</td>\n",
       "      <td>0.322148</td>\n",
       "      <td>0.266996</td>\n",
       "      <td>0.163170</td>\n",
       "      <td>0.167837</td>\n",
       "      <td>0.000000</td>\n",
       "      <td>0.033888</td>\n",
       "      <td>0.160865</td>\n",
       "      <td>0.282699</td>\n",
       "    </tr>\n",
       "    <tr>\n",
       "      <th>xlziv2zr9g</th>\n",
       "      <td>0.221145</td>\n",
       "      <td>0.272387</td>\n",
       "      <td>0.226868</td>\n",
       "      <td>0.185535</td>\n",
       "      <td>0.102358</td>\n",
       "      <td>0.243773</td>\n",
       "      <td>0.229790</td>\n",
       "      <td>0.282854</td>\n",
       "      <td>0.235734</td>\n",
       "      <td>0.160818</td>\n",
       "      <td>0.133085</td>\n",
       "      <td>0.033888</td>\n",
       "      <td>0.000000</td>\n",
       "      <td>0.093546</td>\n",
       "      <td>0.251812</td>\n",
       "    </tr>\n",
       "    <tr>\n",
       "      <th>mp6lno9jzr</th>\n",
       "      <td>0.323190</td>\n",
       "      <td>0.305802</td>\n",
       "      <td>0.290576</td>\n",
       "      <td>0.272978</td>\n",
       "      <td>0.181424</td>\n",
       "      <td>0.360834</td>\n",
       "      <td>0.260998</td>\n",
       "      <td>0.310423</td>\n",
       "      <td>0.271786</td>\n",
       "      <td>0.202400</td>\n",
       "      <td>0.206181</td>\n",
       "      <td>0.160865</td>\n",
       "      <td>0.093546</td>\n",
       "      <td>0.000000</td>\n",
       "      <td>0.308136</td>\n",
       "    </tr>\n",
       "    <tr>\n",
       "      <th>zgxg9o7kny</th>\n",
       "      <td>0.399435</td>\n",
       "      <td>0.387080</td>\n",
       "      <td>0.386350</td>\n",
       "      <td>0.326863</td>\n",
       "      <td>0.243752</td>\n",
       "      <td>0.309291</td>\n",
       "      <td>0.212414</td>\n",
       "      <td>0.351072</td>\n",
       "      <td>0.215927</td>\n",
       "      <td>0.231034</td>\n",
       "      <td>0.225138</td>\n",
       "      <td>0.282699</td>\n",
       "      <td>0.251812</td>\n",
       "      <td>0.308136</td>\n",
       "      <td>0.000000</td>\n",
       "    </tr>\n",
       "  </tbody>\n",
       "</table>\n",
       "</div>"
      ],
      "text/plain": [
       "index       8p8evt9pcg  zimixdvdxd  xw9y6rbkxr  b5cgvsb16w  mj7wbfb5nt  \\\n",
       "index                                                                    \n",
       "8p8evt9pcg    0.000000    0.204868    0.084038    0.278124    0.269010   \n",
       "zimixdvdxd    0.204868    0.000000    0.044774    0.349524    0.260295   \n",
       "xw9y6rbkxr    0.084038    0.044774    0.000000    0.300498    0.243622   \n",
       "b5cgvsb16w    0.278124    0.349524    0.300498    0.000000    0.171638   \n",
       "mj7wbfb5nt    0.269010    0.260295    0.243622    0.171638    0.000000   \n",
       "949rnem5z2    0.107006    0.289025    0.206094    0.287503    0.258882   \n",
       "6pvt6r95ve    0.361942    0.406031    0.371062    0.302912    0.175512   \n",
       "8l919k6s7p    0.473871    0.420737    0.442438    0.278061    0.213976   \n",
       "7ic1vt7pz4    0.405541    0.431099    0.402190    0.291950    0.186581   \n",
       "zwvqnhbk7f    0.323174    0.293428    0.279095    0.286435    0.128236   \n",
       "8wxibl7lm4    0.328062    0.360930    0.323614    0.236502    0.167986   \n",
       "ngn4xec1mo    0.224873    0.273919    0.229292    0.195434    0.102005   \n",
       "xlziv2zr9g    0.221145    0.272387    0.226868    0.185535    0.102358   \n",
       "mp6lno9jzr    0.323190    0.305802    0.290576    0.272978    0.181424   \n",
       "zgxg9o7kny    0.399435    0.387080    0.386350    0.326863    0.243752   \n",
       "\n",
       "index       949rnem5z2  6pvt6r95ve  8l919k6s7p  7ic1vt7pz4  zwvqnhbk7f  \\\n",
       "index                                                                    \n",
       "8p8evt9pcg    0.107006    0.361942    0.473871    0.405541    0.323174   \n",
       "zimixdvdxd    0.289025    0.406031    0.420737    0.431099    0.293428   \n",
       "xw9y6rbkxr    0.206094    0.371062    0.442438    0.402190    0.279095   \n",
       "b5cgvsb16w    0.287503    0.302912    0.278061    0.291950    0.286435   \n",
       "mj7wbfb5nt    0.258882    0.175512    0.213976    0.186581    0.128236   \n",
       "949rnem5z2    0.000000    0.294219    0.417141    0.325285    0.303143   \n",
       "6pvt6r95ve    0.294219    0.000000    0.225713    0.113754    0.159656   \n",
       "8l919k6s7p    0.417141    0.225713    0.000000    0.205628    0.237969   \n",
       "7ic1vt7pz4    0.325285    0.113754    0.205628    0.000000    0.165541   \n",
       "zwvqnhbk7f    0.303143    0.159656    0.237969    0.165541    0.000000   \n",
       "8wxibl7lm4    0.343076    0.211833    0.291690    0.222608    0.121645   \n",
       "ngn4xec1mo    0.227375    0.269055    0.322148    0.266996    0.163170   \n",
       "xlziv2zr9g    0.243773    0.229790    0.282854    0.235734    0.160818   \n",
       "mp6lno9jzr    0.360834    0.260998    0.310423    0.271786    0.202400   \n",
       "zgxg9o7kny    0.309291    0.212414    0.351072    0.215927    0.231034   \n",
       "\n",
       "index       8wxibl7lm4  ngn4xec1mo  xlziv2zr9g  mp6lno9jzr  zgxg9o7kny  \n",
       "index                                                                   \n",
       "8p8evt9pcg    0.328062    0.224873    0.221145    0.323190    0.399435  \n",
       "zimixdvdxd    0.360930    0.273919    0.272387    0.305802    0.387080  \n",
       "xw9y6rbkxr    0.323614    0.229292    0.226868    0.290576    0.386350  \n",
       "b5cgvsb16w    0.236502    0.195434    0.185535    0.272978    0.326863  \n",
       "mj7wbfb5nt    0.167986    0.102005    0.102358    0.181424    0.243752  \n",
       "949rnem5z2    0.343076    0.227375    0.243773    0.360834    0.309291  \n",
       "6pvt6r95ve    0.211833    0.269055    0.229790    0.260998    0.212414  \n",
       "8l919k6s7p    0.291690    0.322148    0.282854    0.310423    0.351072  \n",
       "7ic1vt7pz4    0.222608    0.266996    0.235734    0.271786    0.215927  \n",
       "zwvqnhbk7f    0.121645    0.163170    0.160818    0.202400    0.231034  \n",
       "8wxibl7lm4    0.000000    0.167837    0.133085    0.206181    0.225138  \n",
       "ngn4xec1mo    0.167837    0.000000    0.033888    0.160865    0.282699  \n",
       "xlziv2zr9g    0.133085    0.033888    0.000000    0.093546    0.251812  \n",
       "mp6lno9jzr    0.206181    0.160865    0.093546    0.000000    0.308136  \n",
       "zgxg9o7kny    0.225138    0.282699    0.251812    0.308136    0.000000  "
      ]
     },
     "execution_count": 31,
     "metadata": {},
     "output_type": "execute_result"
    }
   ],
   "source": [
    "tmp_list = model_notdupl.sort_values(\"y_real\").iloc[0:15].index.tolist()\n",
    "\n",
    "\n",
    "df_dij.loc[tmp_list, tmp_list]"
   ]
  },
  {
   "cell_type": "code",
   "execution_count": 35,
   "metadata": {
    "Collapsed": "false"
   },
   "outputs": [
    {
     "data": {
      "text/html": [
       "<div>\n",
       "<style scoped>\n",
       "    .dataframe tbody tr th:only-of-type {\n",
       "        vertical-align: middle;\n",
       "    }\n",
       "\n",
       "    .dataframe tbody tr th {\n",
       "        vertical-align: top;\n",
       "    }\n",
       "\n",
       "    .dataframe thead th {\n",
       "        text-align: right;\n",
       "    }\n",
       "</style>\n",
       "<table border=\"1\" class=\"dataframe\">\n",
       "  <thead>\n",
       "    <tr style=\"text-align: right;\">\n",
       "      <th></th>\n",
       "      <th>y_real</th>\n",
       "      <th>y</th>\n",
       "      <th>err</th>\n",
       "      <th>acquired</th>\n",
       "      <th>gen_acquired</th>\n",
       "      <th>duplicate</th>\n",
       "    </tr>\n",
       "    <tr>\n",
       "      <th>id_unique</th>\n",
       "      <th></th>\n",
       "      <th></th>\n",
       "      <th></th>\n",
       "      <th></th>\n",
       "      <th></th>\n",
       "      <th></th>\n",
       "    </tr>\n",
       "  </thead>\n",
       "  <tbody>\n",
       "    <tr>\n",
       "      <th>8p8evt9pcg</th>\n",
       "      <td>-2.589383</td>\n",
       "      <td>-2.568250</td>\n",
       "      <td>0.011432</td>\n",
       "      <td>True</td>\n",
       "      <td>17</td>\n",
       "      <td>False</td>\n",
       "    </tr>\n",
       "    <tr>\n",
       "      <th>macixavwv3</th>\n",
       "      <td>-2.586045</td>\n",
       "      <td>-2.572738</td>\n",
       "      <td>0.009258</td>\n",
       "      <td>True</td>\n",
       "      <td>4</td>\n",
       "      <td>True</td>\n",
       "    </tr>\n",
       "    <tr>\n",
       "      <th>zimixdvdxd</th>\n",
       "      <td>-2.579792</td>\n",
       "      <td>-2.558137</td>\n",
       "      <td>0.010138</td>\n",
       "      <td>True</td>\n",
       "      <td>9</td>\n",
       "      <td>False</td>\n",
       "    </tr>\n",
       "    <tr>\n",
       "      <th>8ivkxwnhva</th>\n",
       "      <td>-2.570081</td>\n",
       "      <td>-2.558162</td>\n",
       "      <td>0.008838</td>\n",
       "      <td>True</td>\n",
       "      <td>6</td>\n",
       "      <td>True</td>\n",
       "    </tr>\n",
       "    <tr>\n",
       "      <th>9lmkmh8s8r</th>\n",
       "      <td>-2.567935</td>\n",
       "      <td>-2.574248</td>\n",
       "      <td>0.009405</td>\n",
       "      <td>True</td>\n",
       "      <td>11</td>\n",
       "      <td>True</td>\n",
       "    </tr>\n",
       "    <tr>\n",
       "      <th>vp7gxqv191</th>\n",
       "      <td>-2.567904</td>\n",
       "      <td>-2.574104</td>\n",
       "      <td>0.009348</td>\n",
       "      <td>True</td>\n",
       "      <td>11</td>\n",
       "      <td>True</td>\n",
       "    </tr>\n",
       "    <tr>\n",
       "      <th>9txdvicqcf</th>\n",
       "      <td>-2.567879</td>\n",
       "      <td>-2.574065</td>\n",
       "      <td>0.009308</td>\n",
       "      <td>True</td>\n",
       "      <td>9</td>\n",
       "      <td>True</td>\n",
       "    </tr>\n",
       "    <tr>\n",
       "      <th>8k7expx2bp</th>\n",
       "      <td>-2.567879</td>\n",
       "      <td>-2.574064</td>\n",
       "      <td>0.009328</td>\n",
       "      <td>True</td>\n",
       "      <td>14</td>\n",
       "      <td>True</td>\n",
       "    </tr>\n",
       "    <tr>\n",
       "      <th>xwvhnh9sx4</th>\n",
       "      <td>-2.567855</td>\n",
       "      <td>-2.574281</td>\n",
       "      <td>0.009132</td>\n",
       "      <td>True</td>\n",
       "      <td>20</td>\n",
       "      <td>True</td>\n",
       "    </tr>\n",
       "    <tr>\n",
       "      <th>vlbdnoxlnh</th>\n",
       "      <td>-2.557164</td>\n",
       "      <td>-2.561722</td>\n",
       "      <td>0.008545</td>\n",
       "      <td>True</td>\n",
       "      <td>25</td>\n",
       "      <td>True</td>\n",
       "    </tr>\n",
       "    <tr>\n",
       "      <th>xjxdzi73bg</th>\n",
       "      <td>-2.557073</td>\n",
       "      <td>-2.561752</td>\n",
       "      <td>0.008525</td>\n",
       "      <td>True</td>\n",
       "      <td>25</td>\n",
       "      <td>True</td>\n",
       "    </tr>\n",
       "    <tr>\n",
       "      <th>xg6exl6rmp</th>\n",
       "      <td>-2.556941</td>\n",
       "      <td>-2.561461</td>\n",
       "      <td>0.008632</td>\n",
       "      <td>True</td>\n",
       "      <td>18</td>\n",
       "      <td>True</td>\n",
       "    </tr>\n",
       "    <tr>\n",
       "      <th>6fcdbh9fz2</th>\n",
       "      <td>-2.556884</td>\n",
       "      <td>-2.561360</td>\n",
       "      <td>0.008653</td>\n",
       "      <td>True</td>\n",
       "      <td>19</td>\n",
       "      <td>True</td>\n",
       "    </tr>\n",
       "    <tr>\n",
       "      <th>9rz5nl9g6o</th>\n",
       "      <td>-2.556880</td>\n",
       "      <td>-2.561598</td>\n",
       "      <td>0.008580</td>\n",
       "      <td>True</td>\n",
       "      <td>19</td>\n",
       "      <td>True</td>\n",
       "    </tr>\n",
       "    <tr>\n",
       "      <th>xw9y6rbkxr</th>\n",
       "      <td>-2.556473</td>\n",
       "      <td>-2.565006</td>\n",
       "      <td>0.019301</td>\n",
       "      <td>True</td>\n",
       "      <td>19</td>\n",
       "      <td>False</td>\n",
       "    </tr>\n",
       "  </tbody>\n",
       "</table>\n",
       "</div>"
      ],
      "text/plain": [
       "              y_real         y       err  acquired  gen_acquired  duplicate\n",
       "id_unique                                                                  \n",
       "8p8evt9pcg -2.589383 -2.568250  0.011432      True            17      False\n",
       "macixavwv3 -2.586045 -2.572738  0.009258      True             4       True\n",
       "zimixdvdxd -2.579792 -2.558137  0.010138      True             9      False\n",
       "8ivkxwnhva -2.570081 -2.558162  0.008838      True             6       True\n",
       "9lmkmh8s8r -2.567935 -2.574248  0.009405      True            11       True\n",
       "vp7gxqv191 -2.567904 -2.574104  0.009348      True            11       True\n",
       "9txdvicqcf -2.567879 -2.574065  0.009308      True             9       True\n",
       "8k7expx2bp -2.567879 -2.574064  0.009328      True            14       True\n",
       "xwvhnh9sx4 -2.567855 -2.574281  0.009132      True            20       True\n",
       "vlbdnoxlnh -2.557164 -2.561722  0.008545      True            25       True\n",
       "xjxdzi73bg -2.557073 -2.561752  0.008525      True            25       True\n",
       "xg6exl6rmp -2.556941 -2.561461  0.008632      True            18       True\n",
       "6fcdbh9fz2 -2.556884 -2.561360  0.008653      True            19       True\n",
       "9rz5nl9g6o -2.556880 -2.561598  0.008580      True            19       True\n",
       "xw9y6rbkxr -2.556473 -2.565006  0.019301      True            19      False"
      ]
     },
     "execution_count": 35,
     "metadata": {},
     "output_type": "execute_result"
    }
   ],
   "source": [
    "# model_notdupl.sort_values(\"y_real\")\n",
    "\n",
    "model.sort_values(\"y_real\").iloc[0:15]"
   ]
  }
 ],
 "metadata": {
  "kernelspec": {
   "display_name": "Python [conda env:PROJ_IrOx_Active_Learning_OER]",
   "language": "python",
   "name": "conda-env-PROJ_IrOx_Active_Learning_OER-py"
  },
  "language_info": {
   "codemirror_mode": {
    "name": "ipython",
    "version": 3
   },
   "file_extension": ".py",
   "mimetype": "text/x-python",
   "name": "python",
   "nbconvert_exporter": "python",
   "pygments_lexer": "ipython3",
   "version": "3.6.9"
  }
 },
 "nbformat": 4,
 "nbformat_minor": 4
}
